100 11111 1111111111 11111.

0111, ’1 pm, 111 praedictum 0111111111 1111111111, 01.
1111,1111,11111111111111- 1.v‚ 4, 011·- 111111 111 =
01111111,1111111111111111,11 111111 IV, 0, 00. 1111111111
1111,11111111111111111111- 11111111111111,0,0.

11111, Peneum peperit, 01. 11111111, Q„ homo 111111 1111

’ 111,10,1111. 11111111, 1111111111. 01111.

nunnus, 0111, Aegypti 11 ' 1111.1,0111111111111111111
11111,111111111101[111 1. 111111111011111111111111.
11, 14, 10. 111, 11, 00, 01.11,0.

111111111.11.10.11,11. 111111, 111111 princeps 11111·

1111111111 == 01111111, 01. 1, 01111111, 1111111111Ιὶ11111
10, 10. 1180, 1. Dianae, 01. 1, 01, 10. 111.

1111111, Α 11111111, 01. 111, Deliae.

00,11. fv, 11, 00. -1111- Delphi, Phocidis 11111 11 Par·
1111 11, 1, 04. 10, 0, 01. 1111- 1111111111111111111111111111,
1111111111111111. 01.1,1, 0. 111111. 11, 0, 010.

111111,1111111111111111111111 -Delphica 111111 01. 111,
Plautum 11 Terentium, 0111, ’ 00 , 11.

10, 10. 11, 1, 01. 0111111, 11111111111,1111111’11111111 111-
0, 001. - 111111, 11111111 1111111,111111.1, 1, 00.

..1111111111111· 1111111101 ⁸⁸³· ¹'
31111111110111 potandi, 111 111111τί111,1111111111111111-
111111,1111111111111(1111) 11111, 111111. 1, 10, 10. 11, 1,
111, 01101111. 11111111. 10111001.

11111, 1111111111 modia 11111 1111111111 = 11111111 manceps
Falernum 1101111 (11111111 Fa· 1111111111,01111.1,1,0.

11111, 11111111. 1, 14, 011, 1111.111111111111111111111111
1111111111. · 011. 11, 0, 00. 11101111. 1,

1111111 11111. 1. 11111111 111· 10,13. 11111111111111111111
1111111 1111, 0111111 1, 01. 11101111101111. 11, 0, 100.

0111111111, 111 111111 0111111- Dium 11 eum 111. 01. 1, 01.
111 (1. XVI. usque 11 XIV. 111, 00. 10, 0. 11.1,10,00.
ΙΙὶιΙἍΙῑιιέ.) celebrabantur, 011. ἐξ, 111, 111. putul 1111111111,

0111111111.- 11111,0ρὶ11. 11,1,00. 1111111111 mmm, 11111 111
11. 01.111,1,14. 1 11111111111111111, 01111. 1,

1111111, (homo) 11111, 011. 1, 1, 01. 11,1,11. 11111111-
0,10. tore, qul 1111111111111111111111

111111111111111111ε111111111- syngraphae, 011. 11, 0, 10.
1111111111111,0111.1,0,4. 11111111111511111111, 01. 1,

1111111111,1111110111,11111- am, 111,0,09.
norum, 11111111 excepto, ror· 110111111111111111111111 11-

11111111, 01. 10, 0, 00. 111 11 1111111111, 1111 1111111
1111111,111111111111111111, 1 ‚ 11111111111111111111111111111.

 

